0 0.103048 0.651316 0.126550 0.103618
0 0.081612 0.340872 0.054752 0.066612
0 0.356663 0.533306 0.082128 0.099507
0 0.194990 0.412007 0.055269 0.054276
0 0.279959 0.280016 0.054752 0.056743
0 0.476756 0.282895 0.055785 0.069079
0 0.480630 0.443257 0.056302 0.093750
0 0.410899 0.415296 0.048037 0.042763
0 0.713068 0.319079 0.093492 0.080592
0 0.680269 0.415707 0.068182 0.056743
0 0.753874 0.437500 0.052169 0.057566
0 0.827479 0.638980 0.088843 0.133224
0 0.686467 0.538240 0.054752 0.053454
0 0.753357 0.833059 0.141012 0.167763
