0 0.126550 0.678454 0.106405 0.083882
0 0.077738 0.338816 0.056302 0.085526
0 0.196281 0.408306 0.066116 0.061678
0 0.347882 0.534539 0.096591 0.082237
0 0.267820 0.272204 0.076963 0.072368
0 0.479597 0.437911 0.056302 0.081414
0 0.410124 0.414062 0.041322 0.045230
0 0.475981 0.276316 0.066632 0.054276
0 0.710744 0.315378 0.094008 0.092928
0 0.684917 0.407895 0.064050 0.065789
0 0.755424 0.443257 0.049070 0.069079
0 0.832128 0.648026 0.087810 0.116776
0 0.764205 0.843750 0.091426 0.131579
0 0.691374 0.544408 0.042872 0.075658
